"marketid"	"upstreamid"	"downstreamid"	"payoff"	"originalmatch"	"urmax"	"drmax"	"urmin"	"drmin"	"removeU"	"removeD"
1	4	9	8.390273869700845	1	3.261881937695513	7.848456847989496	0.5418170217113492	5.128391932005332	1	1
2	6	6	9.059816467325891	1	14.9839583194926	7.218792184510647	1.841024282815244	0	1	1
2	6	13	9.06008417227547	1	14.9839583194926	7.219059889460226	1.841024282815244	0	1	1
3	5	5	7.926439353391525	1	3.834775329160088	6.75261729003072	1.173822063360805	4.091664024231437	1	1
4	1	1	6.676859724921915	1	14.418994868220466	6.6768597249219255	0	0	1	1
4	1	6	9.087150417312262	1	14.418994868220466	9.087150417312259	3.552713678800501*^-15	0	1	1
4	2	12	8.188817873335735	1	7.648896888679829	8.139518303392492	0.04929956994324236	0.5399209846559057	1	1
4	4	3	8.479401262329633	1	24.16841802470332	7.586172939776304	0.8932283225533286	0	1	1
4	4	5	8.250963945876595	1	24.16841802470332	7.357735623323279	0.8932283225533162	0	1	1
4	4	9	8.893011180288603	1	24.16841802470332	7.999782857735269	0.893228322553334	0	1	1
5	2	7	5.426810289510165	1	5.406986999054624	4.509605568434203	0.9172047210759615	0.019823290455541098	1	1
5	4	8	7.305698049275345	1	5.829676462867624	4.7745521769839385	2.5311458722914066	1.4760215864077209	1	1
6	6	1	8.002248719382141	1	6.341462281022412	7.275681152954398	0.7265675664277431	1.6607864383597288	1	1
7	1	5	5.032375343061416	1	5.0323753430614175	3.8875870292251165	1.1447883138362993	0	1	1
7	2	8	6.132567018032633	1	6.132567018032631	4.6550297767921975	1.4775372412404355	1.7763568394002505*^-15	1	1
7	4	3	7.996662193822038	1	6.49698414714544	5.387265075901716	2.609397117920322	1.499678046676598	1	1
8	4	1	8.603587788058261	1	8.03575555651748	6.262742508786644	2.3408452792716172	0.5678322315407822	1	1
9	4	2	5.980072287865687	1	5.236684082261121	5.980072287865681	5.329070518200751*^-15	0.7433882056045658	1	1
10	3	7	7.093169061598532	1	11.899849104927625	5.077636214878439	2.0155328467200935	0	1	1
10	3	13	6.779223731523706	1	11.899849104927625	4.763690884803623	2.015532846720083	0	1	1
10	6	15	8.923022531864396	1	4.949462767981743	7.463259059320265	1.4597634725441306	3.973559763882653	1	1
10	12	1	6.635764037366046	1	11.563799831216443	5.362419447102326	1.2733445902637204	0	1	1
10	12	8	7.587334034957191	1	11.563799831216443	6.129005684955061	1.4583283500021302	0	1	1
11	2	8	6.727650988029709	1	14.813395084755655	2.9940505436794638	3.7336004443502455	0	1	1
11	2	10	8.71579503777398	1	14.813395084755655	4.982194593423742	3.7336004443502375	0	1	1
11	2	17	5.09166119773765	1	14.813395084755655	1.3580607533874058	3.7336004443502437	0	1	1
11	8	5	8.641855516621685	1	11.126249580383416	4.467971380422654	4.173884136199032	0	1	1
11	8	7	8.175834500563745	1	11.126249580383416	4.001950364364717	4.173884136199028	0	1	1
12	3	8	8.032649006870624	1	4.251944259857595	6.701731909715029	1.330917097155595	3.7807047470130293	1	1
13	1	7	4.074485230571896	1	1.7456144400323694	2.6041462371182433	1.4703389934536526	2.3288707905395265	1	1
13	2	13	7.634747465358885	1	3.3205746267091882	6.088426028846868	1.5463214365120166	4.3141728386496965	1	1
13	5	2	8.915756837454035	1	3.9973204127185653	7.1859710455425585	1.7297857919114765	4.91843642473547	1	1
14	1	3	6.311561913858146	1	12.237444393735643	3.307893524207344	3.0036683896508016	0	1	1
14	1	11	5.687470157041421	1	12.237444393735643	2.6838017673906336	3.0036683896507874	0	1	1
14	1	16	5.749289088834422	1	12.237444393735643	2.7456206991836325	3.003668389650789	0	1	1
14	2	15	7.671673651799572	1	3.61505768191509	4.781838254061796	2.8898353977377758	4.056615969884482	1	1
14	12	10	9.140450755739245	1	9.794609453429672	5.627639938346562	3.5128108173926833	0	1	1
14	12	17	6.743304578762	1	9.794609453429672	3.230493761369331	3.512810817392669	0	1	1
15	2	2	7.535720018624326	1	6.226175231451268	5.016242725113216	2.51947729351111	1.3095447871730572	1	1
16	2	14	6.520389574485267	1	7.279605309878775	3.6102270884921523	2.910162485993115	0	1	1
16	2	15	6.854017976725458	1	7.279605309878775	3.9438554907323464	2.9101624859931112	0	1	1
16	6	3	7.133904389772637	1	6.147706533233261	4.130923311424311	3.0029810783483253	0.9861978565393752	1	1
16	6	4	5.2940621958032015	1	6.147706533233261	2.291081117454894	3.0029810783483075	0	1	1
17	1	1	7.865196340551939	1	5.519449034975253	5.602423886020148	2.262772454531791	2.345747305576686	1	1
17	2	2	6.8491472327278835	1	4.547598240145035	5.285996940754245	1.5631502919736384	2.3015489925828483	1	1
17	5	12	5.3485945749480965	1	3.040740624409807	4.0922395934604765	1.25635498148762	2.3078539505382896	1	1
17	13	10	8.548728503936006	1	11.214673283188873	6.235826167766419	2.3129023361695875	0	1	1
17	13	14	6.7003276693666844	1	11.214673283188873	4.3874253331971005	2.312902336169584	0	1	1
18	6	2	7.808707234887624	1	7.252719216934452	7.05601553821738	0.7526916966702437	0.5559880179531724	1	1
18	7	16	8.15500862677952	1	7.986989501243812	7.1470613131482	1.0079473136313197	0.1680191255357073	1	1
19	1	2	7.904355714367851	1	13.338463291701203	5.4666674565435756	2.4376882578242753	0	1	1
19	1	11	7.343873542418091	1	13.338463291701203	4.906185284593818	2.4376882578242736	0	1	1
19	3	7	7.533574712150832	1	4.458717517699995	5.15700768430753	2.3765670278433024	3.0748571944508374	1	1
19	11	12	8.410215637089744	1	6.598082791603332	5.5162858171377565	2.893929819951987	1.8121328454864116	1	1
20	1	2	7.710071392494528	1	11.05044617821207	6.388238242204125	1.321833150290403	0	1	1
20	1	9	7.590672260544445	1	11.05044617821207	6.268839110254049	1.321833150290396	0	1	1
20	3	14	6.980012873629322	1	3.311556778454502	5.1925047544873735	1.7875081191419486	3.66845609517482	1	1
20	16	11	7.6489171277809165	1	5.006314183952469	5.106649455061785	2.542267672719132	2.6426029438284475	1	1
21	2	6	7.683332849131768	1	3.958089577400898	4.668030895300134	3.0153019538316332	3.7252432717308697	1	1
21	6	5	6.1861676048906205	1	4.457468043579041	2.9198818764615595	3.266285728429061	1.7286995613115792	1	1
22	3	21	7.640259362954096	1	5.013592494398694	3.6100872257290604	4.030172137225035	2.626666868555402	1	1
22	14	16	8.180779348179458	1	3.6380243900229488	4.599292137658352	3.5814872105211055	4.542754958156509	1	1
23	3	16	7.221548680267015	1	4.842875628539687	5.247607058892072	1.9739416213749426	2.3786730517273273	1	1
23	7	6	8.443359617974258	1	4.888561916057483	5.973796883130802	2.4695627348434552	3.5547977019167742	1	1
24	1	4	8.231556089518847	1	5.3949655248164845	5.707340052236468	2.524216037282379	2.8365905647023624	1	1
24	9	2	4.600710681535258	1	3.1291248582959525	3.147044488878464	1.4536661926567938	1.4715858232393053	1	1
25	2	4	6.904070383780175	1	10.356964105336488	2.9686717321042693	3.9353986516759054	0	1	1
25	2	24	7.621301947280769	1	10.356964105336488	3.685903295604845	3.935398651675924	0	1	1
25	7	9	5.5258644879598835	1	21.38088727800192	2.407927980033975	3.1179365079259087	0	1	1
25	7	15	6.15597577662245	1	21.38088727800192	3.0380392686965365	3.117936507925913	0	1	1
25	7	21	7.266500659347807	1	21.38088727800192	4.14856415142188	3.1179365079259274	0	1	1
25	7	27	5.204085878575077	1	21.38088727800192	2.086149370649167	3.1179365079259096	0	1	1
25	14	17	7.897032382111208	1	27.035167800198536	4.182522002495432	3.714510379615776	0	1	1
25	14	19	8.996742582975141	1	27.035167800198536	5.282232203359371	3.7145103796157706	0	1	1
25	14	20	9.135556642542742	1	27.035167800198536	5.421046262926978	3.7145103796157635	0	1	1
25	14	26	7.7774458113985965	1	27.035167800198536	4.062935431782847	3.7145103796157493	0	1	1
26	1	2	5.6183653570802505	1	8.345932715208534	4.517360799832119	1.1010045572481317	0	1	1
26	1	29	8.755975107852953	1	8.345932715208534	7.654970550604816	1.101004557248137	0.410042392644419	1	1
26	5	11	5.651451997926019	1	4.2852287462678476	4.843214226208971	0.8082377717170477	1.3662232516581714	1	1
26	12	36	8.448409724256372	1	10.98598819305252	6.07919079714631	2.3692189271100617	0	1	1
26	12	37	9.614995486152237	1	10.98598819305252	7.245776559042184	2.3692189271100528	0	1	1
27	8	5	7.0777198941829065	1	7.077719894182906	4.949897172298918	2.1278227218839882	8.881784197001252*^-16	1	1
28	2	8	7.712182324845921	1	3.5221321798618703	4.963268466708115	2.748913858137806	4.190050144984051	1	1
28	6	11	4.01864299797614	1	3.271487990534169	1.4492952119770308	2.569347785999109	0.7471550074419708	1	1
28	8	21	7.517539036117388	1	4.355189210621063	5.699498011270862	1.8180410248465266	3.1623498254963254	1	1
29	2	3	6.8329246990695	1	4.87563701068089	4.053531319868199	2.7793933792013013	1.9572876883886101	1	1
29	5	18	7.948866736765293	1	6.516069590365589	4.899349062374398	3.049517674390895	1.4327971463997038	1	1
29	18	24	8.003252610138977	1	4.976584090495649	4.546149513288597	3.45710309685038	3.0266685196433283	1	1
29	21	23	8.054051029955778	1	4.706020570291415	5.109701513914985	2.944349516040793	3.348030459664363	1	1
30	6	4	7.398380008748561	1	1.8913355055320196	6.628016724558535	0.7703632841900268	5.507044503216542	1	1
31	6	2	6.267855875176389	1	17.00429191077474	5.252344398825443	1.0155114763509463	0	1	1
31	6	8	5.400327533056983	1	17.00429191077474	4.384816056706029	1.0155114763509543	0	1	1
31	6	16	6.687161474948971	1	17.00429191077474	5.671649998598028	1.0155114763509436	0	1	1
31	12	4	7.430526921572237	1	5.589979290028481	5.086163344555473	2.3443635770167637	1.840547631543756	1	1
31	13	12	5.752496256436368	1	4.317715323871184	4.0435952400411	1.7089010163952683	1.4347809325651841	1	1
31	14	1	5.472493747945849	1	13.349627518504803	3.974260074989502	1.4982336729563475	0	1	1
31	14	18	3.7068312546918873	1	13.349627518504803	2.6201294001244975	1.0867018545673899	0	1	1
31	14	22	4.55784314821397	1	13.349627518504803	3.0596094752576306	1.4982336729563395	0	1	1
32	16	8	7.01701643245477	1	4.679553330292492	4.653519885316257	2.3634965471385128	2.3374631021622774	1	1
32	25	21	6.420805920985524	1	6.910075041306868	5.814246476160633	0.6065594448248905	0	1	1
32	25	27	5.717395882500879	1	6.910075041306868	5.110836437675971	0.6065594448249083	0	1	1
33	6	2	8.56258206403261	1	6.811241767546228	7.364903776624445	1.1976782874081646	1.7513402964863811	1	1
33	6	12	4.902607827079416	1	6.811241767546228	3.704929539671255	1.197678287408161	0	1	1
33	7	7	6.573853860955685	1	4.273078200608261	6.02345026730864	0.5504035936470455	2.3007756603474245	1	1
33	9	5	2.6242668918937775	1	2.6242668918937753	1.5574539286760967	1.0668129632176808	2.220446049250313*^-15	1	1
