"marketid"	"upstreamid"	"downstreamid"	"payoff"	"originalmatch"	"storedmatch"	"urmax"	"drmax"	"urmin"	"drmin"	"removeU"	"removeD"
1	4	9	6.7097461935858655	1	1	2.4691513033277204	6.35145677697102	0.3582894166148458	4.240594890258145	1	1
2	6	6	6.97371156320041	1	1	9.8071418903302	5.627180219125428	1.3465313440749815	0	1	1
2	6	13	6.820450517596225	1	1	9.8071418903302	5.473919173521246	1.3465313440749789	0	1	1
3	5	5	6.511548522319023	1	1	3.466896056242497	5.784410047143229	0.7271384751757939	3.044652466076526	1	1
4	1	1	5.544087792025145	1	1	11.163121011702529	5.544087792025138	7.105427357601002*^-15	0	1	1
4	1	6	6.677924003764457	1	1	11.163121011702529	6.677924003764453	4.440892098500626*^-15	0	1	1
4	2	12	6.2167933415769365	1	1	6.094834873666898	5.74099168758741	0.47580165398952623	0.12195846791003895	1	1
4	4	3	6.696853730840826	1	1	19.102343725750266	5.894145966992276	0.8027077638485496	0	1	1
4	4	5	6.495270501123754	1	1	19.102343725750266	5.692562737275203	0.8027077638485505	0	1	1
4	4	9	7.040463820141724	1	1	19.102343725750266	6.237756056293172	0.8027077638485522	0	1	1
5	2	7	4.0626435775524214	1	1	4.0626435775524214	3.14183137003878	0.9208122075136416	0.	1	1
5	4	8	5.5414202722654196	1	1	4.372962208798953	3.7917242066764985	1.749696065588921	1.168458063466467	1	1
6	6	1	6.507706055278485	1	1	5.210402740144513	5.965889599846182	0.5418164554323024	1.2973033151339717	1	1
7	1	5	3.6925136472976936	1	1	3.6925136472976945	3.2443190000495292	0.4481946472481644	0	1	1
7	2	8	4.5564054707704456	1	1	4.55640547077045	3.6656522583274267	0.8907532124430189	0	1	1
7	4	3	6.303687966503096	1	1	5.068327032091865	4.479679934460766	1.8240080320423306	1.235360934411231	1	1
8	4	1	6.87512885234794	1	1	6.368353675906597	5.301376125059576	1.5737527272883636	0.5067751764413426	1	1
9	4	2	4.769960991644833	1	1	4.1554495980887864	4.769960991644833	0.	0.6145113935560467	1	1
10	3	7	5.638314739780287	1	1	9.10219810649781	3.8877099816052123	1.7506047581750748	0	1	1
10	3	13	5.354385789008403	1	1	9.10219810649781	3.603781030833318	1.7506047581750854	0	1	1
10	6	15	6.9416672441876885	1	1	3.755851450612539	5.542491799160572	1.399175445027116	3.1858157935751494	1	1
10	12	1	5.247581991198431	1	1	8.98652754680964	4.080151839932569	1.1674301512658625	0	1	1
10	12	8	5.908767152606955	1	1	8.98652754680964	4.5099681425951985	1.3987990100117562	0	1	1
11	2	8	5.463148589618884	1	1	11.78966215445385	2.3867130774455916	3.0764355121732923	0	1	1
11	2	10	6.946823538977848	1	1	11.78966215445385	3.8703880268045623	3.076435512173286	0	1	1
11	2	17	4.128232950081486	1	1	11.78966215445385	1.051797437908192	3.076435512173294	0	1	1
11	8	5	6.772017260350834	1	1	8.6025581541886	3.3580426665520235	3.4139745937988106	0	1	1
11	8	7	6.51549329017184	1	1	8.6025581541886	3.1015186963730343	3.4139745937988053	0	1	1
12	3	8	5.59653008462108	1	1	2.4830202625562876	4.506525701828284	1.090004382792796	3.1135098220647928	1	1
13	1	7	3.234994161928805	1	1	1.318025885606147	2.113928033045056	1.121066128883749	1.9169682763226579	1	1
13	2	13	6.048952436979287	1	1	2.723289149147746	4.6661441331274744	1.3828083038518129	3.3256632878315413	1	1
13	5	2	7.12841345898134	1	1	3.152068366981382	5.761037591064124	1.3673758679172163	3.976345091999958	1	1
14	1	3	5.156366938358985	1	1	9.7387019162541	2.6976642478257844	2.458702690533201	0	1	1
14	1	11	4.381137469560826	1	1	9.7387019162541	1.9224347790276255	2.4587026905332	0	1	1
14	1	16	4.365731399493498	1	1	9.7387019162541	1.9070287089602829	2.458702690533215	0	1	1
14	2	15	5.95983314786391	1	1	2.8973374244110346	3.6206076552916926	2.3392254925722176	3.0624957234528756	1	1
14	12	10	6.973356108914859	1	1	7.651726100299513	3.9870607607723656	2.9862953481424936	0	1	1
14	12	17	5.317886869427406	1	1	7.651726100299513	2.393218602269016	2.92466826715839	0	1	1
15	2	2	5.944519787367533	1	1	5.0445571888760625	4.418480419505535	1.5260393678619977	0.8999625984914701	1	1
16	2	14	5.14276342000506	1	1	5.815766250893667	2.721796803212584	2.4209666167924757	0	1	1
16	2	15	5.367133258348571	1	1	5.815766250893667	2.94616664155609	2.420966616792481	0	1	1
16	6	3	5.724590821299416	1	1	4.947672411367947	3.23821986069359	2.486370960605826	0.7769184099314694	1	1
16	6	4	4.100997104832012	1	1	4.947672411367947	1.614626144226179	2.486370960605833	0	1	1
17	1	1	6.330593936815168	1	1	4.396065249436063	4.473213853868671	1.8573800829464968	1.934528687379105	1	1
17	2	2	5.266182113271941	1	1	3.755253192050205	4.27127354357728	0.9949085696946609	1.510928921221736	1	1
17	5	12	4.25791587094601	1	1	2.6991709161682707	3.3396298431392495	0.9182860278067606	1.5587449547777394	1	1
17	13	10	6.796126216998039	1	1	8.984746281468688	5.254912650326929	1.54121356667111	0	1	1
17	13	14	5.275369998578862	1	1	8.984746281468688	3.7341564319077634	1.5412135666710984	0	1	1
18	6	2	6.193486282036654	1	1	5.897839668757214	5.629934412813682	0.5635518692229713	0.2956466132794393	1	1
18	7	16	6.1584696623546495	1	1	6.136476661431246	5.382246487345668	0.7762231750089814	0.021993000923403727	1	1
19	1	2	6.2206350227160865	1	1	10.429516829464795	4.2733020574984835	1.947332965217603	0	1	1
19	1	11	5.4992253759067315	1	1	10.429516829464795	3.5518924106891347	1.9473329652175968	0	1	1
19	3	7	6.012904272328238	1	1	3.4871290244150117	4.08592279777632	1.9269814745519183	2.5257752479132263	1	1
19	11	12	6.461315382036006	1	1	5.129131992031134	4.1487275641752746	2.3125878178607318	1.3321833900048725	1	1
20	1	2	6.238454498962523	1	1	8.98325952464721	5.514956135066015	0.7234983638965078	0	1	1
20	1	9	6.07459800015023	1	1	8.98325952464721	5.351099636253721	0.7234983638965087	0	1	1
20	3	14	5.307699903208457	1	1	2.5719301803363237	4.261997597020226	1.0457023061882307	2.735769722872133	1	1
20	16	11	5.9172899994816825	1	1	3.934115904474183	4.167044927198617	1.7502450722830654	1.9831740950074996	1	1
21	2	6	6.166341429684694	1	1	3.1632634265950017	3.617125246507456	2.549216183177238	3.0030780030896924	1	1
21	6	5	5.162061433504373	1	1	3.589290986170994	2.4224883903132906	2.7395730431910827	1.5727704473333795	1	1
22	3	21	5.8343508079039745	1	1	3.593795721875665	2.2594199300499156	3.574930877854059	2.2405550860283094	1	1
22	14	16	6.150759809901896	1	1	2.7535209522098683	3.1957527065765277	2.955007103325368	3.3972388576920274	1	1
23	3	16	5.790476306192081	1	1	3.605277518831059	4.249181540262981	1.5412947659291003	2.1851987873610224	1	1
23	7	6	6.469457614258607	1	1	3.4138107880107498	4.637224824560931	1.8322327896976756	3.055646826247857	1	1
24	1	4	5.908824581981657	1	1	4.362880705648152	4.037071548219124	1.8717530337625323	1.5459438763335047	1	1
24	9	2	3.807010017375811	1	1	2.582715843429625	2.845353500637259	0.961656516738552	1.224294173946186	1	1
25	2	4	5.622662176143012	1	1	8.419016771922742	2.3928649685392998	3.2297972076037125	0	1	1
25	2	24	6.080046026731235	1	1	8.419016771922742	2.8502488191275006	3.2297972076037347	0	1	1
25	7	9	4.467841196750884	1	1	17.587721441332874	1.9243904963478258	2.543450700403058	0	1	1
25	7	15	5.100532945483609	1	1	17.587721441332874	2.557082245080551	2.543450700403058	0	1	1
25	7	21	5.905529531700175	1	1	17.587721441332874	3.36207883129714	2.543450700403035	0	1	1
25	7	27	4.157491954682385	1	1	17.587721441332874	1.614041254279357	2.543450700403028	0	1	1
25	14	17	6.257771830072672	1	1	21.89535733852945	3.2806116941121104	2.9771601359605615	0	1	1
25	14	19	6.6568007155512365	1	1	21.89535733852945	3.679640579590682	2.9771601359605544	0	1	1
25	14	20	7.174394485130578	1	1	21.89535733852945	4.1972343491700315	2.9771601359605464	0	1	1
25	14	26	6.270913047934378	1	1	21.89535733852945	3.293752911973826	2.9771601359605526	0	1	1
26	1	2	4.48968757487258	1	1	6.183252638609417	3.54642445522839	0.9432631196441896	0	1	1
26	1	29	6.963819135702551	1	1	6.183252638609417	6.02055601605835	0.9432631196442012	0.7805664970931341	1	1
26	5	11	4.727337212527653	1	1	3.1925520918374843	4.047859308988649	0.679477903539004	1.5347851206901684	1	1
26	12	36	6.585174769793608	1	1	8.396417091319535	4.615286957417823	1.9698878123757853	0	1	1
26	12	37	7.206236384367021	1	1	8.396417091319535	5.236348571991243	1.9698878123757781	0	1	1
27	8	5	5.788133567948808	1	1	5.788133567948812	4.091545590673391	1.696587977275417	0	1	1
28	2	8	6.188368396377337	1	1	2.8257435341078576	3.8555242640563137	2.332844132321023	3.362624862269479	1	1
28	6	11	3.3326860032937673	1	1	2.629554308642014	1.0399309915657255	2.2927550117280417	0.7031316946517534	1	1
28	8	21	5.826423450898736	1	1	3.6170659358145656	4.056260907616547	1.770162543282189	2.2093575150841707	1	1
29	2	3	5.637282423384926	1	1	4.0231189576111035	3.3503445341216462	2.28693788926328	1.6141634657738226	1	1
29	5	18	6.344403185197484	1	1	4.75109294601306	3.754454642940786	2.589948542256698	1.593310239184424	1	1
29	18	24	6.217892738578913	1	1	4.0083079859188615	3.433162446885987	2.7847302916929255	2.209584752660051	1	1
29	21	23	5.778225672180217	1	1	3.5727947310235777	3.429008635382587	2.34921703679763	2.2054309411566395	1	1
30	6	4	5.884434604468906	1	1	1.7811870041537645	5.453980750058854	0.430453854410052	4.103247600315141	1	1
31	6	2	4.970538228787924	1	1	13.548615513608013	4.297917641842872	0.6726205869450519	0	1	1
31	6	8	4.275790555441708	1	1	13.548615513608013	3.6031699684966725	0.6726205869450359	0	1	1
31	6	16	5.123379978586475	1	1	13.548615513608013	4.450759391641441	0.6726205869450341	0	1	1
31	12	4	5.681455568222764	1	1	4.344213583831177	3.888017265046159	1.7934383031766048	1.3372419843915866	1	1
31	13	12	4.5288222574444505	1	1	3.481176067438369	3.280890519986869	1.2479317374575816	1.0476461900060814	1	1
31	14	1	4.257259959968015	1	1	10.44867982754738	3.1484093604154566	1.1088505995525582	0	1	1
31	14	18	3.126641005986555	1	1	10.44867982754738	2.35591120510324	0.770729800883315	0	1	1
31	14	22	3.5899248482858312	1	1	10.44867982754738	2.4810742487332647	1.1088505995525666	0	1	1
32	16	8	5.883016020338033	1	1	4.083255428450926	4.008727947232529	1.8742880731055038	1.7997605918871074	1	1
32	25	21	5.035531527952418	1	1	5.75605121766786	4.782335909722974	0.25319561822944436	0	1	1
32	25	27	4.545734134898948	1	1	5.75605121766786	4.292538516669509	0.25319561822943903	0	1	1
33	6	2	6.760765374668717	1	1	5.897339200681138	5.896949649429004	0.8638157252397125	0.8634261739875786	1	1
33	6	12	3.8569076895432737	1	1	5.897339200681138	2.9930919643035594	0.8638157252397143	0	1	1
33	7	7	4.982739322752023	1	1	3.6120854954857933	3.850390065223678	1.132349257528345	1.3706538272662296	1	1
33	9	5	2.1431117701517044	1	1	2.1431117701517053	1.3521253074439699	0.7909864627077345	0	1	1
